1000:200:100000
7.999999797903001E-4
0.008299999870359898
0.001500000013038516
0.008500000461935997
0.00860000029206276
0.008700000122189522
0.004100000020116568
0.004999999888241291
0.0034000000450760126
0.003700000001117587
0.004999999888241291
0.004399999976158142
0.00570000009611249
0.005799999926239252
0.005100000184029341
0.005100000184029341
0.006500000134110451
0.007400000002235174
0.0071000000461936
0.006399999838322401
0.0066999997943639755
0.008299999870359898
0.009800000116229057
0.011900000274181366
0.008100000210106373
0.01140000019222498
0.01209999993443489
0.013000000268220901
0.011699999682605267
0.01209999993443489
0.012500000186264515
0.01640000008046627
0.01899999938905239
0.016899999231100082
0.01489999983459711
0.015599999576807022
0.016899999231100082
0.01759999990463257
0.01759999990463257
0.020600000396370888
0.01720000058412552
0.019300000742077827
0.018400000408291817
0.024399999529123306
0.02290000021457672
0.023399999365210533
0.024900000542402267
0.0215000007301569
0.020800000056624413
0.04340000078082085
0.0215000007301569
0.02239999920129776
0.02590000070631504
0.023099999874830246
0.033399999141693115
0.023099999874830246
0.03869999945163727
0.023399999365210533
0.02449999935925007
0.02250000089406967
0.04399999976158142
0.026200000196695328
0.027499999850988388
0.026499999687075615
0.028699999675154686
0.030400000512599945
0.02500000037252903
0.0272000003606081
0.04149999842047691
0.028300000354647636
0.048700001090765
0.027400000020861626
0.034699998795986176
0.030400000512599945
0.027899999171495438
0.0284000001847744
0.039500001817941666
0.031099999323487282
0.042500000447034836
0.029899999499320984
0.03849999979138374
0.043800000101327896
0.03189999982714653
0.031599998474121094
0.03440000116825104
0.03099999949336052
0.03350000083446503
0.03440000116825104
0.03420000150799751
0.03269999846816063
0.03590000048279762
0.032499998807907104
0.03500000014901161
0.03290000185370445
0.03359999880194664
0.03779999911785126
0.03530000150203705
0.03680000081658363
0.03680000081658363
0.03759999945759773
0.053199999034404755
0.05079999938607216
0.03909999877214432
0.04340000078082085
0.05299999937415123
0.05510000139474869
0.045899998396635056
0.05810000002384186
0.05849999934434891
0.05790000036358833
0.052400000393390656
0.06430000066757202
0.05310000106692314
0.04309999942779541
0.06279999762773514
0.044599998742341995
0.05689999833703041
0.04349999874830246
0.04309999942779541
0.043299999088048935
0.04619999974966049
0.04450000077486038
0.04430000111460686
0.04610000178217888
0.05260000005364418
0.05009999871253967
0.04619999974966049
0.04560000076889992
0.04729999974370003
0.04809999838471413
0.04769999906420708
0.05090000107884407
0.04879999905824661
0.050200000405311584
0.050599999725818634
0.050999999046325684
0.051500000059604645
0.048900000751018524
0.05040000006556511
0.05380000174045563
0.056699998676776886
0.05169999971985817
0.050599999725818634
0.05260000005364418
0.05130000039935112
0.05350000038743019
0.05559999868273735
0.056699998676776886
0.05380000174045563
0.055799998342990875
0.054099999368190765
0.05730000138282776
0.05550000071525574
0.054999999701976776
0.05559999868273735
0.05640000104904175
0.06199999898672104
0.056699998676776886
0.059700001031160355
0.05739999935030937
0.05939999967813492
0.061900001019239426
0.05790000036358833
0.05849999934434891
0.06539999693632126
0.0608999989926815
0.059700001031160355
0.060600001364946365
0.061000000685453415
0.0632999986410141
0.06270000338554382
0.06310000270605087
0.061799999326467514
0.06520000100135803
0.06120000034570694
0.062300000339746475
0.0632999986410141
0.06369999796152115
0.06400000303983688
0.06589999794960022
0.07150000333786011
0.06729999929666519
0.07540000230073929
0.07320000231266022
0.06949999928474426
0.06419999897480011
0.06629999727010727
0.07460000365972519
0.07010000199079514
0.06909999996423721
0.07259999960660934
0.07069999724626541
0.07119999825954437
0.08919999748468399
0.0722000002861023
0.07490000128746033
0.07410000264644623
0.07199999690055847
0.07209999859333038
0.07180000096559525
