0
0
0
0
0
0
0
0
0
0
0
0
0
0
0
0
0
0
0
0
0
0
0
0
0
0
0
2
3
33
441
484
467
451
485
456
459
477
487
783
726
823
728
705
863
1141
1360
1098
892
932
1048
999
819
680
501
626
668
555
556
475
775
1202
1222
965
1603
2354
4123
1958
2083
2301
2607
3242
4624
6694
7657
9849
11336
14074
14789
15047
15573
16617
21924
31996
36453
53562
151336
337648
297481
116605
42159
18831
18213
15816
17672
20976
29492
63631
76454
40156
30585
28644
32482
23573
21209
21858
21483
19192
19946
23163
35986
16103
12878
10194
9162
9127
9264
9979
11134
17734
21345
