10:200:100
0.01590000092983246
0.00989999994635582
0.011800000444054604
0.011500000022351742
0.014499999582767487
0.013700000010430813
0.015799999237060547
0.013500000350177288
0.013000000268220901
0.015300000086426735
0.017400000244379044
0.018699999898672104
0.019600000232458115
0.01940000057220459
0.02250000089406967
0.01759999990463257
0.025200000032782555
0.025200000032782555
0.029600000008940697
0.029100000858306885
0.0348999984562397
0.0333000011742115
0.03660000115633011
0.03790000081062317
0.042500000447034836
0.03819999843835831
0.04650000110268593
0.04639999940991402
0.050999999046325684
0.051100000739097595
0.05649999901652336
0.05550000071525574
0.059300001710653305
0.06239999830722809
0.06939999759197235
0.06920000165700912
0.0746999979019165
0.07500000298023224
0.08229999989271164
0.08160000294446945
0.05400000140070915
0.08959999680519104
0.09719999879598618
0.09619999676942825
0.09679999947547913
0.10339999943971634
0.10859999805688858
0.10750000178813934
0.12080000340938568
0.12330000102519989
0.1251000016927719
0.13339999318122864
0.11620000004768372
0.12229999899864197
0.15330000221729279
0.1527000069618225
0.16599999368190765
0.13369999825954437
0.16380000114440918
0.11180000007152557
0.17710000276565552
0.19099999964237213
0.1768999993801117
0.2046000063419342
0.22100000083446503
0.22290000319480896
0.23579999804496765
0.2433999925851822
0.1500999927520752
0.25690001249313354
0.2660999894142151
0.26600000262260437
0.28040000796318054
0.27900001406669617
0.2957000136375427
0.29919999837875366
0.299699991941452
0.314300000667572
0.3285999894142151
0.30959999561309814
0.3066999912261963
0.35040000081062317
0.26170000433921814
0.37770000100135803
0.3734000027179718
0.35850000381469727
0.39809998869895935
0.41269999742507935
0.41280001401901245
0.304500013589859
0.3276999890804291
0.4595000147819519
0.4724999964237213
0.46070000529289246
0.4593000113964081
0.4779999852180481
0.4284999966621399
0.3522999882698059
0.5656999945640564
0.5249999761581421
0.5220999717712402
0.6014000177383423
0.5778999924659729
0.5349000096321106
0.6438999772071838
0.6377000212669373
0.6686000227928162
0.6481000185012817
0.5103999972343445
0.6909999847412109
0.7099000215530396
0.7196000218391418
0.42910000681877136
0.7644000053405762
0.2897000014781952
0.7245000004768372
0.3310000002384186
0.7935000061988831
0.8539999723434448
0.7803999781608582
0.8762000203132629
0.8589000105857849
0.9146000146865845
0.815500020980835
0.9354000091552734
0.647599995136261
0.9556999802589417
0.9682000279426575
0.9889000058174133
0.9742000102996826
1.0354000329971313
1.0347000360488892
1.0367000102996826
0.6008999943733215
1.1141999959945679
1.0678000450134277
1.1538000106811523
1.1193000078201294
1.111299991607666
1.1830999851226807
1.0033999681472778
1.2259000539779663
1.2541999816894531
1.0449999570846558
0.6678000092506409
1.0633000135421753
1.3366999626159668
1.163100004196167
1.271399974822998
1.4235999584197998
1.2800999879837036
1.4890999794006348
1.2181999683380127
1.5852999687194824
1.5434999465942383
0.6933000087738037
1.5687999725341797
1.660099983215332
1.576799988746643
1.6476999521255493
1.308500051498413
1.6881999969482422
0.8016999959945679
1.6713000535964966
1.7694000005722046
1.792799949645996
1.6742000579833984
1.4673999547958374
0.4902999997138977
1.8401999473571777
1.9722000360488892
2.0620999336242676
2.135999917984009
2.058799982070923
1.9742000102996826
2.1521999835968018
2.13070011138916
1.1848000288009644
2.3362998962402344
1.247499942779541
2.2704999446868896
1.5706000328063965
1.9801000356674194
2.406399965286255
0.9990000128746033
0.9265000224113464
0.9229999780654907
1.8407000303268433
2.640700101852417
2.5617001056671143
1.875
2.753000020980835
0.8776000142097473
2.605600118637085
2.899600028991699
2.859100103378296
2.9893999099731445
1.1648999452590942
2.387399911880493
2.921299934387207
