100:200:5000
0.013899999670684338
0.00839999970048666
0.03550000116229057
0.03759999945759773
0.06679999828338623
0.04340000078082085
0.08049999922513962
0.09910000115633011
0.13040000200271606
0.163100004196167
0.20010000467300415
0.19660000503063202
0.2175000011920929
0.24240000545978546
0.03099999949336052
0.32089999318122864
0.05510000139474869
0.0786999985575676
0.09480000287294388
0.02710000053048134
0.4625999927520752
0.5372999906539917
0.5353999733924866
0.026799999177455902
0.7105000019073486
0.032499998807907104
0.7549999952316284
0.7609000205993652
0.3799000084400177
0.05420000106096268
1.0240999460220337
0.9948999881744385
0.705299973487854
0.2775999903678894
0.9714000225067139
0.025699999183416367
1.451799988746643
1.3061000108718872
1.5199999809265137
1.5961999893188477
1.5715999603271484
1.600600004196167
1.5678999423980713
0.06120000034570694
1.8961999416351318
0.03959999978542328
0.1770000010728836
0.23309999704360962
0.10589999705553055
0.5174999833106995
0.43470001220703125
2.4647998809814453
0.2207999974489212
0.08129999786615372
0.4092999994754791
0.2782999873161316
2.851599931716919
0.963699996471405
3.0989999771118164
1.0322999954223633
1.4869999885559082
3.4458000659942627
2.2464001178741455
1.479699969291687
3.321700096130371
0.37290000915527344
0.1420000046491623
0.43389999866485596
3.082900047302246
1.148900032043457
0.16259999573230743
0.15240000188350677
4.583099842071533
0.28279998898506165
4.719799995422363
4.540900230407715
0.1256999969482422
5.076099872589111
0.06849999725818634
1.5785000324249268
2.6923000812530518
2.5209999084472656
0.10890000313520432
5.3871002197265625
0.19580000638961792
5.1280999183654785
6.5071001052856445
4.174300193786621
6.807199954986572
0.5910999774932861
7.145199775695801
0.10220000147819519
6.412899971008301
6.4664998054504395
7.244200229644775
0.17080000042915344
7.006999969482422
0.2053000032901764
7.0903000831604
8.083000183105469
8.26830005645752
0.09059999883174896
8.79640007019043
6.022200107574463
9.054699897766113
2.391700029373169
0.35510000586509705
0.6049000024795532
10.096400260925293
0.08839999884366989
9.574899673461914
9.249699592590332
0.1428000032901764
10.983699798583984
0.21320000290870667
0.6033999919891357
10.846799850463867
4.992800235748291
0.1647000014781952
2.2237000465393066
0.11640000343322754
1.680299997329712
0.7473999857902527
0.18809999525547028
3.6584999561309814
13.18280029296875
0.6597999930381775
0.4959999918937683
3.374300003051758
0.4494999945163727
4.0980000495910645
1.702299952507019
12.542799949645996
13.56029987335205
14.462400436401367
14.769499778747559
1.3077000379562378
14.990699768066406
2.220599889755249
0.4345000088214874
0.20409999787807465
0.18930000066757202
15.839200019836426
16.227399826049805
0.28220000863075256
0.9595000147819519
17.6742000579834
18.660600662231445
13.164799690246582
19.93829917907715
20.1742000579834
4.786499977111816
18.95840072631836
0.8075000047683716
0.13729999959468842
18.55150032043457
6.628900051116943
1.287500023841858
7.099999904632568
19.444599151611328
0.2992999851703644
10.161800384521484
22.47439956665039
0.07429999858140945
0.8924000263214111
21.409299850463867
6.206399917602539
15.35949993133545
0.1696999967098236
24.295299530029297
3.473599910736084
16.993600845336914
0.14079999923706055
23.070100784301758
0.16760000586509705
12.551300048828125
1.3208999633789062
3.9437999725341797
20.526500701904297
0.29820001125335693
1.3339999914169312
6.865099906921387
0.12489999830722809
20.758499145507812
4.576700210571289
27.409700393676758
0.24169999361038208
27.513999938964844
30.03660011291504
0.08919999748468399
0.23180000483989716
0.5846999883651733
21.938100814819336
0.20419999957084656
4.5756001472473145
1.5326999425888062
1.142300009727478
31.83329963684082
18.118900299072266
0.49559998512268066
