100000:200:10000000
67.0
82.0
105.0
129.0
155.0
179.0
205.0
230.0
256.0
280.0
306.0
324.0
344.0
372.0
393.0
417.0
444.0
469.0
492.0
514.0
540.0
562.0
589.0
614.0
637.0
658.0
686.0
711.0
733.0
757.0
782.0
805.0
827.0
856.0
880.0
905.0
930.0
951.0
972.0
1005.0
1023.0
1049.0
1094.0
1099.0
1125.0
1147.0
1170.0
1199.0
1221.0
1245.0
1266.0
1292.0
1332.0
1391.0
1399.0
1425.0
1425.0
1544.0
1507.0
1523.0
1547.0
1615.0
1614.0
1675.0
1668.0
1687.0
1696.0
1790.0
1740.0
1791.0
1783.0
1882.0
1907.0
1889.0
1903.0
1949.0
1998.0
1985.0
2038.0
2031.0
2092.0
2066.0
2124.0
2134.0
2161.0
2202.0
2191.0
2200.0
2222.0
2243.0
2245.0
2295.0
2297.0
2335.0
2356.0
2553.0
2485.0
2490.0
2484.0
2551.0
2504.0
2511.0
2549.0
2604.0
2637.0
2677.0
2679.0
2703.0
2714.0
2732.0
2761.0
2748.0
2816.0
2879.0
2902.0
2941.0
2962.0
2969.0
2988.0
3098.0
3048.0
3058.0
3077.0
3170.0
3138.0
3138.0
3183.0
3202.0
3218.0
3241.0
3272.0
3304.0
3303.0
3354.0
3369.0
3422.0
3440.0
3459.0
3482.0
3511.0
3687.0
3546.0
3587.0
3634.0
3626.0
3656.0
3674.0
3713.0
3721.0
3782.0
3821.0
3931.0
3944.0
4000.0
3898.0
3892.0
3969.0
4018.0
3949.0
3933.0
3935.0
3964.0
4119.0
4232.0
4157.0
4295.0
4154.0
4116.0
4207.0
4242.0
4256.0
4271.0
4266.0
4362.0
4517.0
4495.0
4546.0
4727.0
4509.0
4486.0
4478.0
4458.0
4495.0
4501.0
4541.0
4547.0
4713.0
4702.0
4687.0
4721.0
4789.0
4695.0
4712.0
4756.0
4765.0
4787.0
4820.0
4949.0
5102.0
4965.0
