0
0
0
0
0
0
0
0
0
0
0
0
0
0
0
0
0
0
0
0
0
0
0
0
0
0
0
0
0
0
411
456
486
478
459
421
477
496
442
620
738
773
801
805
906
1057
1155
1145
1059
1001
959
852
847
810
580
534
533
571
575
609
753
894
951
1250
1612
2406
4069
1744
1893
2066
2776
3229
4584
6449
7426
9714
11061
14235
14704
14279
16133
16332
18512
30204
39488
56193
152101
338056
297582
116598
42106
18757
17644
15887
16768
21082
28816
62410
75746
40797
31459
27385
32395
23513
21432
21538
22144
19443
19814
23161
35925
15969
12664
10377
9188
9006
8763
9008
9803
9556
36458
